4294967278,37
4294967278,36
4294967278,35
4294967278,34
4294967278,33
4294967278,32
4294967278,31
4294967278,30
4294967278,29
4294967278,28
4294967278,27
4294967278,26
4294967278,25
4294967279,22
4294967279,20
4294967279,19
4294967279,18
4294967279,17
4294967279,16
4294967279,14
4294967279,13
4243767290,0
4294967294,30
4294967294,462
4294967294,991
4294967294,111
4294967294,465
4294967294,458
4294967294,55
4294967294,56
4294967294,989
4294967294,60
4294967294,61
4294967294,463
4294967294,93
4294967294,397
4294967294,417
4294967294,448
4294967294,413
4294967294,391
4294967294,386
4294967294,398
4294967294,191
4294967294,404
4294967294,411
4294967294,403
4294967294,410
4294967294,415
4294967294,451
4294967294,406
4294967294,401
4294967294,1093
4294967294,1091
4294967294,1090
4294967294,1008
4294967294,1007
4294967294,1006
4294967294,1004
4294967294,1002
4294967294,1000
4294967294,999
4294967294,456
4294967294,114
4294967294,109
4294967294,108
0,5
4294967294,517
4294967294,424
4294967294,416
4294967294,453
4294967294,454
4294967294,455
4294967294,7
4294967294,6
4294967294,95
4294967294,92
4294967294,88
4294967294,996
4294967294,97
4294967294,189
4294967294,117
4294967294,181
4294967294,180
4294967294,177
4294967294,1101
4294967294,1100
4294967294,394
4294967294,1098
4294967294,174
4294967294,388
4294967294,161
4294967294,42
4294967294,36
4294967294,39
4294967294,43
4294967294,387
4294967294,52
4294967294,165
4294967294,112
4294967294,113
4294967294,167
4294967294,172
4294967294,171
4294967294,169
4294967294,164
4294967294,160
4294967294,119
4294967294,1097
4294967294,466
4294967294,182
4294967294,173
4294967294,170
4294967294,1099
4294967294,1095
4294967294,163
4294967294,190
4294967294,1096
4294967294,46
4294967294,99
4294967294,76
4294967294,115
4294967294,116
4294967294,168
4294967294,162
4294967294,184
4294967294,384
4294967294,188
4294967294,185
4294967294,11
4294967294,12
4294967294,104
4294967294,166
4294967294,24
4294967294,175
4294967294,183
4294967294,176
4294967294,22
4294967294,17
4294967294,67
4294967294,41
4294967294,120
4294967294,51
4294967294,450
4294967294,421
4294967294,82
4294967294,68
4294967278,132
4294967278,131
4294967278,130
4294967278,129
4294967278,128
4294967278,127
4294967278,126
4294967278,125
4294967278,124
4294967278,123
4294967278,122
4294967278,121
4294967278,120
4294967278,119
4294967278,118
4294967278,117
4294967278,116
4294967278,115
4294967278,114
4294967278,113
4294967278,112
4294967278,111
4294967278,110
4294967278,109
4294967278,108
4294967278,107
4294967278,106
4294967278,105
4294967278,104
4294967278,103
4294967278,102
4294967278,101
4294967278,100
4294967278,99
4294967278,98
4294967278,97
4294967278,96
4294967278,95
4294967278,94
4294967278,93
4294967278,92
4294967278,91
4294967278,90
4294967278,89
4294967278,87
4294967278,86
4294967278,85
4294967278,84
4294967278,83
4294967278,82
4294967278,81
4294967278,80
4294967278,79
4294967278,78
4294967278,77
4294967278,76
4294967278,75
4294967278,74
4294967278,73
4294967278,72
4294967278,71
4294967278,70
4294967278,69
4294967278,68
4294967278,67
4294967278,66
4294967278,65
4294967278,64
4294967278,63
4294967278,62
4294967278,61
4294967278,60
4294967278,59
4294967278,58
4294967278,57
4294967278,56
4294967278,55
4294967278,54
4294967278,53
4294967278,52
4294967278,51
4294967278,50
4294967278,49
4294967278,48
4294967278,47
4294967278,46
4294967278,45
4294967278,44
4294967278,43
4294967278,42
4294967278,41
4294967278,40
4294967278,39
4294967278,38
4294967279,21
4294967279,15
4294967279,12
4294967279,11
4294967279,10
4294967279,9
4294967279,8
4294967279,7
4294967279,6
4294967279,260
4294967279,5
4294967279,4
4294967294,5
4294967294,1017
4294967294,419
4294967294,1173
4294967294,461
4294967294,420
4294967294,2
4294967294,997
4294967294,457
4294967294,0
4294967294,460
4294967294,1
4294967294,459
4294967294,1005
4294967294,25
4294967294,414
4294967294,29
